0073.png
-155.989 521.900 91.144
340.711 298.989 0.000
0074.png
-155.989 521.900 91.144
7.687 297.773 0.000
0075.png
-79.161 521.990 91.144
6.024 297.948 0.000
0076.png
-99.911 437.537 91.144
352.613 256.197 0.000
0077.png
-96.079 228.197 91.144
351.849 284.723 0.000
0078.png
-118.360 99.110 91.144
340.439 40.573 0.000
0079.png
-124.131 -205.863 91.144
332.330 54.783 0.000
0080.png
-27.011 -249.981 91.144
348.233 44.205 0.000
0081.png
120.850 -208.976 91.144
353.248 113.171 0.000
0082.png
120.850 -208.976 91.144
354.282 187.041 0.000
0083.png
-140.101 -130.258 91.144
350.114 60.792 0.000
0084.png
-141.051 112.865 91.144
353.421 30.504 0.000
0085.png
-155.983 521.941 91.144
341.804 285.497 0.000
0086.png
-92.492 185.314 91.144
339.573 5.735 0.000
0087.png
-118.233 287.936 91.144
342.392 18.606 0.000
0088.png
-106.624 -2.905 91.144
349.964 350.615 0.000
0089.png
-126.662 -210.048 91.144
347.401 41.891 0.000
